313426093
323060839

313426093
107145933

313426093
35762774

313426093
228240137

313426093
249686490

313426093
310059585

313426093
424507378

313426093
77172110

313426093
314304919

174033149
272883458

174033149
317250549

174033149
294037482

174033149
483383219

174033149
152506413

174033149
250862790

174033149
425831668

419378256
396077136

65784591
395763758

65784591
394249181

65784591
414676739

65784591
421089550

65784591
190193552

65784591
394648503

65784591
114032341

65784591
340531138

65784591
254802818

60205829
97862552

60205829
73642353

60205829
269885318

60205829
244691622

91561164
40577483

91561164
50005249

91561164
290522143

91561164
163739159

91561164
96872174

91561164
488629566

91561164
406374577

91561164
77320020

98458879
133842010

98458879
488629566

98458879
98218367

98458879
94912673

24311924
522469932

24311924
213843061

24311924
498343002

24311924
523454285

24311924
251048416

328317414
281539998

328317414
305162480

328317414
273502947

328317414
128397086

328317414
205684985

328317414
226488790

350746823
158758324

350746823
449089481

350746823
372146011

350746823
299327935

350746823
330797294

350746823
242314485

350746823
479112856

306404360
372759128

306404360
328863959

306404360
516380602

306404360
467548106

306404360
253633166

306404360
321406046

450251378
88552210

450251378
163829545

450251378
99404601

450251378
205926331

450251378
222762254

450251378
414627712

527502873
368860991

527502873
130466442